[intro.jpg]
filters=Lomo=1,50.000000,0.000000;Holga=1,48.538010,47.368423,30.994152;
moddate=9b2991140719d701
width=5472
height=3648
textactive=0
